MODEL REPORT
==================================================

Metrics:
mae: 948553.4557931211
mse: 1624617048764.1855
rmse: 1274604.6637150617
r2: 0.6785845344746719

Best Parameters:
n_estimators: 66
learning_rate: 0.15197396320033388
